[gd_scene load_steps=4 format=3 uid="uid://chug2bs8sqrq7"]

[ext_resource type="Script" uid="uid://pbusfjb2dy5i" path="res://scenes/npc-simple.gd" id="1_abqhh"]
[ext_resource type="PackedScene" uid="uid://grxwjgfst02" path="res://addons/kaykit_character_pack_adventures/Characters/gltf/Barbarian.glb" id="2_rv78h"]

[sub_resource type="CapsuleShape3D" id="CapsuleShape3D_ok3ap"]

[node name="NPC" type="CharacterBody3D"]
script = ExtResource("1_abqhh")
SPEED = 5.0

[node name="Model" type="Node3D" parent="."]
transform = Transform3D(1, 0, 0, 0, 1, 0, 0, 0, 1, 0, -1, 0)

[node name="Barbarian" parent="Model" instance=ExtResource("2_rv78h")]

[node name="Skeleton3D" parent="Model/Barbarian/Rig" index="0"]
bones/1/position = Vector3(0, 0.392064, 0)
bones/1/rotation = Quaternion(-1.11123e-10, 0.0431578, 2.57241e-09, 0.999068)
bones/2/rotation = Quaternion(-6.93889e-18, 7.10543e-15, 4.93038e-32, 1)
bones/3/rotation = Quaternion(8.27181e-25, 3.72529e-09, 0, 1)
bones/4/position = Vector3(0.212007, 0.134132, 7.92996e-08)
bones/4/rotation = Quaternion(-0.559906, -0.0608803, -0.643974, 0.517779)
bones/5/rotation = Quaternion(3.65498e-08, -4.88301e-08, -0.494719, 0.869053)
bones/7/rotation = Quaternion(-0.321065, -0.325319, 0.145726, 0.87741)
bones/8/position = Vector3(8.34843e-10, 0.0961252, -0.0575)
bones/8/rotation = Quaternion(-3.6586e-09, 6.87811e-09, -0.707107, 0.707107)
bones/11/position = Vector3(-0.212007, 0.134132, 8.6814e-08)
bones/11/rotation = Quaternion(-0.618244, 0.0807286, 0.618012, 0.478873)
bones/12/rotation = Quaternion(2.09853e-08, 5.12855e-08, 0.517939, 0.855417)
bones/14/rotation = Quaternion(-0.319291, 0.300524, -0.22735, 0.869512)
bones/15/position = Vector3(-1.5736e-08, 0.0961251, -0.0575)
bones/15/rotation = Quaternion(-1.02444e-09, -4.24391e-09, 0.707107, 0.707107)
bones/19/rotation = Quaternion(-5.80608e-11, -0.0313417, -1.88012e-09, 0.999509)
bones/22/position = Vector3(0.170945, 0.113587, 1.59941e-08)
bones/22/rotation = Quaternion(0.993715, 0.0837146, 0.0735038, 0.0109185)
bones/23/rotation = Quaternion(0.195602, 6.26228e-08, -1.32239e-07, 0.980683)
bones/24/rotation = Quaternion(-0.517564, -0.209497, 0.0436549, 0.828452)
bones/25/rotation = Quaternion(-9.74065e-09, 0.920355, -0.391084, 7.8309e-08)
bones/26/position = Vector3(-0.170945, 0.113587, 1.55755e-08)
bones/26/rotation = Quaternion(0.997322, -0.0294574, 0.0315293, 0.0590483)
bones/27/rotation = Quaternion(0.274008, -6.38135e-08, 1.92761e-07, 0.961727)
bones/28/rotation = Quaternion(-0.559039, 0.114513, -0.00862763, 0.82115)
bones/29/rotation = Quaternion(3.03591e-08, 0.920355, -0.391084, -6.95338e-08)
bones/30/rotation = Quaternion(0.707107, -2.29302e-07, -4.60552e-08, 0.707107)
bones/31/position = Vector3(0.202182, 0.0259903, 0.205181)
bones/31/rotation = Quaternion(-0.707107, -7.05285e-08, -7.05285e-08, 0.707107)
bones/32/rotation = Quaternion(9.65792e-09, 1.77955e-09, 0.985719, -0.168398)
bones/33/position = Vector3(-2.60494e-08, 0.213436, -5.1715e-09)
bones/33/rotation = Quaternion(-1.01273e-07, 0.391084, 0.920355, -3.35091e-08)
bones/34/position = Vector3(8.58988e-09, 0.16565, -2.40963e-09)
bones/35/rotation = Quaternion(1, -2.33136e-09, 1.99777e-07, -1.34211e-15)
bones/37/rotation = Quaternion(0.707107, -3.82385e-08, 1.45009e-07, 0.707107)
bones/38/rotation = Quaternion(-0.707107, -7.05285e-08, -7.05285e-08, 0.707107)
bones/39/rotation = Quaternion(-5.83589e-09, 6.43837e-10, 0.994809, 0.101756)
bones/40/position = Vector3(-1.11482e-08, 0.213436, -2.50942e-15)
bones/40/rotation = Quaternion(-1.05796e-07, 0.391084, 0.920355, -2.58643e-08)
bones/41/position = Vector3(-6.31128e-09, 0.16565, 2.70695e-09)
bones/42/rotation = Quaternion(1, 3.76526e-09, 1.94879e-07, 7.45058e-09)
bones/44/rotation = Quaternion(-0.707107, -7.27951e-08, -7.27951e-08, 0.707107)
bones/45/position = Vector3(0.520841, 0.788312, -0.0576373)
bones/45/rotation = Quaternion(0.794627, -1.11759e-07, 0.607098, -5.96046e-08)
bones/46/rotation = Quaternion(-0.707107, -7.27951e-08, -7.27951e-08, 0.707107)
bones/47/position = Vector3(-0.510844, 0.788312, 0.0597369)
bones/47/rotation = Quaternion(0.758253, 1.52737e-07, -0.651961, 1.11759e-08)

[node name="1H_Axe_Offhand" parent="Model/Barbarian/Rig/Skeleton3D" index="0"]
transform = Transform3D(2.6042895e-07, 0.26286456, 0.964832, 0.999999, -5.4836744e-07, 3.0000786e-07, 8.2232515e-07, 0.9648322, -0.26286468, 0.5165238, 0.63670516, 0.013616212)
visible = false

[node name="Barbarian_Round_Shield" parent="Model/Barbarian/Rig/Skeleton3D" index="1"]
transform = Transform3D(4.894187e-08, 0.26286435, 0.96483207, 0.999999, -3.0688136e-06, 1.205888e-06, 3.492259e-06, 0.96483225, -0.26286447, 0.662643, 0.6367053, -0.04308459)
visible = false

[node name="1H_Axe" parent="Model/Barbarian/Rig/Skeleton3D" index="2"]
transform = Transform3D(2.7230192e-07, -0.14989355, 0.98870134, 0.9999991, -1.1146117e-06, -7.6117414e-07, 1.5415287e-06, 0.9887014, 0.14989376, -0.4960533, 0.64102966, 0.13952824)
visible = false

[node name="2H_Axe" parent="Model/Barbarian/Rig/Skeleton3D" index="3"]
transform = Transform3D(2.7230192e-07, -0.14989355, 0.98870134, 0.9999991, -1.1146117e-06, -7.6117414e-07, 1.5415287e-06, 0.9887014, 0.14989376, -0.4960533, 0.64102966, 0.13952824)
visible = false

[node name="Mug" parent="Model/Barbarian/Rig/Skeleton3D" index="4"]
transform = Transform3D(2.7230192e-07, -0.14989355, 0.98870134, 0.9999991, -1.1146117e-06, -7.6117414e-07, 1.5415287e-06, 0.9887014, 0.14989376, -0.4887167, 0.3404638, 0.09113482)

[node name="Barbarian_Hat" parent="Model/Barbarian/Rig/Skeleton3D" index="5"]
transform = Transform3D(0.9997204, -1.4014477e-09, 0.023646828, 1.3934276e-09, 0.99999994, 3.5568745e-10, -0.023646828, -3.226379e-10, 0.9997204, -7.55729e-09, 1.2022742, -1.3905156e-07)
visible = false

[node name="Barbarian_Cape" parent="Model/Barbarian/Rig/Skeleton3D" index="6"]
transform = Transform3D(0.9962748, -5.149619e-09, 0.08623545, 5.1304365e-09, 0.99999994, 4.4407827e-10, -0.08623545, 1.4637387e-15, 0.9962748, -1.916411e-06, 1.2022743, 2.5900519e-08)
visible = false

[node name="CollisionShape3D" type="CollisionShape3D" parent="."]
shape = SubResource("CapsuleShape3D_ok3ap")

[node name="NavigationAgent3D" type="NavigationAgent3D" parent="."]

[editable path="Model/Barbarian"]
